A_data = [1.0, 0.0, 0.0, 0.0, 2.0, 0.0, 0.0, 3.0, 0.0, 0.0, 0.0, 0.0, 0.0, 0.0, 0.0, 0.0, 2.0, 0.0, 0.0, 0.0];
project_m(4, 5, A_data);
